-2078533599,-2078533599
-2078533599,-1490942702
-2078533599,56730581
-2078533599,1985036123
-2078533599,-319890150
-2078533599,-662549534
-2078533599,935943168
-2078533599,-833753412
-2078533599,1812782222
-2078533599,1482378412
-2078533599,-358849652
-2078533599,-1777948422
-2078533599,-583898482
-2078533599,-465108045
-2078533599,244497545
-2078533599,1901813839
-2078533599,-935026233
-2078533599,-1159766718
-2078533599,990464386
-2078533599,1762501422
-2078533599,1841087001
-2078533599,-1598487827
-2078533599,-1806723502
-2078533599,718471378
-2078533599,1276219196
-2078533599,2043700415
-2078533599,2012661929
-2078533599,-416176203
-2078533599,148724027
-2078533599,1714788199
-2078533599,376989027
-2078533599,-128062838
-2078533599,-1204348895
-2078533599,-1911445086
-2078533599,1928301133
-2078533599,-1640795459
-2078533599,1861215599
-2078533599,-2083095859
-2078533599,-1793111513
-2078533599,1620102617
-2078533599,1473765243
-2078533599,822674317
-2078533599,-817252672
-2078533599,-252878569
-2078533599,-1058074014
-2078533599,-421170454
-2078533599,-1722565192
-2078533599,51496456
-2078533599,1902370520
-2078533599,-895203414
-2078533599,1828554794
-2078533599,-944541146
-2078533599,-907874756
-2078533599,-2099466164
-2078533599,-1091562310
-2078533599,-800765431
-2078533599,-964674250
-2078533599,380029316
-2078533599,-1850165510
-2078533599,-1310337765
-2078533599,1260316278
-2078533599,2107236845
-2078533599,-1395602063
-2078533599,1301290567
-2078533599,583241252
-2078533599,954651354
-2078533599,-1307192824
-2078533599,2027726516
-2078533599,-2019461098
-2078533599,45971113
-2078533599,-288555840
-2078533599,-1259588513
-2078533599,1101110461
-2078533599,1185020430
-2078533599,-1320697281
-2078533599,1247531142
-2078533599,-1842044486
-2078533599,-376080446
-2078533599,1317688846
-2078533599,1537364120
-2078533599,431786805
-2078533599,706234566
-2078533599,-1924291530
-2078533599,1293359916
-2078533599,2126849736
-2078533599,-1851954105
-2078533599,-1970281785
-2078533599,1625564578
-2078533599,-714488577
-2078533599,673074802
-2078533599,381998379
-2078533599,950435812
-2078533599,-1617300547
-2078533599,780772085
-2078533599,-1340590744
-2078533599,-65550113
-2078533599,1824626370
-2078533599,-1166885846
-2078533599,-731450848
-2078533599,1728634659
-2078533599,-289445297
-2078533599,954110391
-2078533599,1399108464
-2078533599,-146213274
-2078533599,-705852972
-2078533599,874706073
-2078533599,-1418327503
-2078533599,-468002805
-2078533599,-382586635
-2078533599,-1515733041
-2078533599,-1968855896
-2078533599,1985885537
-2078533599,538286453
-2078533599,-2068531797
-2078533599,-1139683374
-2078533599,-413405020
-2078533599,849738473
-2078533599,-1375578852
-2078533599,1289107212
-2078533599,659895522
-2078533599,-1905551265
-2078533599,1167046787
-2078533599,-156493036
-2078533599,-198073930
-2078533599,417689211
-2078533599,1618697417
-2078533599,-41294292
-2078533599,691009714
-2078533599,-687358352
-2078533599,1880697284
-2078533599,-86963106
-2078533599,298878880
-2078533599,-703074119
-2078533599,-204473964
-2078533599,1464885105
-2078533599,1161579360
-2078533599,-1797163944
-2078533599,668015629
-2078533599,1317702712
-2078533599,-1157209386
-2078533599,-98808760
-2078533599,-236155641
-2078533599,748410181
-2078533599,-1616566127
-2078533599,-2073118342
-2078533599,1830370220
-2078533599,783562269
-2078533599,-45508728
-2078533599,1655814993
-2078533599,1862080425
-2078533599,-952587094
-2078533599,539239641
-2078533599,1793216574
-2078533599,522404138
-2078533599,1448526911
-2078533599,806106071
-2078533599,-364707722
-2078533599,304009678
-2078533599,1518060685
-2078533599,-166639181
-2078533599,-808745010
-2078533599,1374350690
-2078533599,-836464982
-2078533599,2106236831
-2078533599,1146294075
-2078533599,-209941270
-2078533599,-1815249512
-2078533599,775720157
-2078533599,-51182914
-2078533599,1147227644
-2078533599,1729601099
-2078533599,-354647738
-2078533599,1120921238
-2078533599,1407885394
-2078533599,338516418
-2078533599,-246163100
-2078533599,-1325430655
-2078533599,-455129260
-2078533599,1647000303
-2078533599,-1930031802
-2078533599,-1839428614
-2078533599,-1071140014
-2078533599,1947216873
-2078533599,-270272342
-2078533599,1836296728
-2078533599,-1791784357
-2078533599,927248575
-2078533599,1190655840
-2078533599,-855414955
-2078533599,548530479
-2078533599,-286942635
-2078533599,4397609
-2078533599,267167359
-2078533599,-2145887110
-2078533599,-569591267
-2078533599,-661991436
-2078533599,-1154833278
-2078533599,25922162
-2078533599,-1359408936
-2078533599,2138356113
-2078533599,-1737477681
-2078533599,1337889666
-2078533599,-2080652346
-2078533599,1987651643
-2078533599,-1970413297
-2078533599,-1119441563
-2078533599,-1658853953
-2078533599,134405178
-2078533599,-1601653768
-2078533599,511483496
-2078533599,-1809938491
-2078533599,2114723392
-2078533599,-2061437133
-2078533599,-549110471
-2078533599,-1885778820
-2078533599,1492468009
-2078533599,-728940849
-2078533599,905790536
-2078533599,-1035597989
-2078533599,-783280664
-2078533599,1423900432
-2078533599,-1069372743
-2078533599,-57551580
-2078533599,-409169327
-2078533599,-1092090944
-2078533599,403554099
-2078533599,-1639792564
-2078533599,784754065
-2078533599,1742712159
-2078533599,-488725562
-2078533599,-2123826350
-2078533599,-1970921830
-2078533599,1968434019
-2078533599,20245873
-2078533599,133004909
-2078533599,477110127
-2078533599,-1591928211
-2078533599,-440382267
-2078533599,1816581515
-2078533599,1345952610
-2078533599,-661469732
-2078533599,206499371
-2078533599,-148929198
-2078533599,1259418315
-2078533599,153173845
-2078533599,1587471798
-2078533599,733291057
-1490942702,134405178
-1490942702,-2134144948
-1490942702,1945245108
-1490942702,-1235095979
-1490942702,1190193068
-1490942702,977991884
-1490942702,818826226
-1490942702,-2024848225
-1490942702,-353090432
-1490942702,-54266692
-1490942702,-1878121729
-1490942702,-1149311160
-1490942702,1863567360
-1490942702,-1411421921
-1490942702,2088757306
-1490942702,-1006532878
-1490942702,-1533886794
-1490942702,1828554794
-1490942702,1747645401
-1490942702,1723605453
-1490942702,-2120762177
-1490942702,-456502714
-1490942702,1485752785
-1490942702,1283167800
-1490942702,223640863
-1490942702,-2028473467
-1490942702,25876833
-1490942702,-466561148
-1490942702,2011079255
-1490942702,-1780195900
-1490942702,-1502540577
-1490942702,-1533168961
-1490942702,1787770351
-1490942702,-1513616791
-1490942702,1053128004
-1490942702,-141955013
-1490942702,-1001469060
-1490942702,659556803
-1490942702,1762640463
-1490942702,2095292054
-1490942702,-241526735
-1490942702,1293669569
-1490942702,-55691669
-1490942702,1543427817
-1490942702,-71004672
-1490942702,177843979
-1490942702,-266487855
-1490942702,267211309
-1490942702,1813281021
-1490942702,-1848304757
-1490942702,-774940126
-1490942702,604557985
-1490942702,-602074235
-1490942702,580166954
-1490942702,352266157
-1490942702,-304333602
-1490942702,308029893
-1490942702,-240172636
-1490942702,1393200662
-1490942702,864473118
-1490942702,-363289576
-1490942702,-1828763577
-1490942702,1498416488
-1490942702,438462150
-1490942702,674223632
-1490942702,-1093725447
-1490942702,1560877971
-1490942702,412333513
-1490942702,-1943559179
-1490942702,1478276451
-1490942702,899302559
-1490942702,1846652660
-1490942702,-483481604
-1490942702,-420722599
-1490942702,-71267989
-1490942702,1165710106
-1490942702,-1742270476
-1490942702,-1980549389
-1490942702,-1274279458
-1490942702,-271018109
-1490942702,-1016551676
-1490942702,946194414
-1490942702,1051063550
-1490942702,-1621534550
-1490942702,576038206
-1490942702,583241252
-1490942702,-823710713
-1490942702,-1989244238
-1490942702,907984631
-1490942702,-1850165510
-1490942702,-1283110870
-1490942702,730736522
-1490942702,-968602262
-1490942702,-1049288547
-1490942702,-2107661826
-1490942702,569370768
-1490942702,1715445918
-1490942702,1259677566
-1490942702,-164858619
-1490942702,-1746343765
-1490942702,-772440842
-1490942702,1960388994
-1490942702,-934459682
-1490942702,1621771061
-1490942702,-992609204
-1490942702,-235944951
-1490942702,532410260
-1490942702,-1579996598
-1490942702,1570767887
-1490942702,37507731
-1490942702,843880416
-1490942702,-1239874438
-1490942702,-1721591352
-1490942702,-1959831498
-1490942702,425003966
-1490942702,295969041
-1490942702,-1290245319
-1490942702,-1987978028
-1490942702,1265762135
-1490942702,-1050016036
-1490942702,-1598435452
-1490942702,1613025160
-1490942702,-1210849115
-1490942702,-963489681
-1490942702,-222837855
-1490942702,1248159845
-1490942702,225164567
-1490942702,-1369894837
-1490942702,2038029216
-1490942702,226665605
-1490942702,1640451215
-1490942702,34944422
-1490942702,92066944
-1490942702,1052127638
-1490942702,-1970281785
-1490942702,1913143704
-1490942702,-837035156
-1490942702,-2087782216
-1490942702,775163136
-1490942702,-1044004875
-1490942702,-1418016273
-1490942702,-633034006
-1490942702,-1123780746
-1490942702,-1507733642
-1490942702,721731895
-1490942702,2007247628
-1490942702,-46925220
-1490942702,-52066626
-1490942702,448762156
-1490942702,-679512911
-1490942702,-1505046939
-1490942702,1886279830
-1490942702,181775298
-1490942702,1624215739
-1490942702,-882109667
-1490942702,284556843
-1490942702,-464875515
-1490942702,-1671385
-1490942702,-1484249217
-1490942702,2046915944
-1490942702,1057090816
-1490942702,1799804765
-1490942702,1893361327
-1490942702,410930533
-1490942702,871570763
-1490942702,-81576565
-1490942702,1082564084
-1490942702,-1597565308
-1490942702,833793347
-1490942702,-2141569186
-1490942702,698525043
-1490942702,-1022421418
-1490942702,196459352
-1490942702,-728940849
-1490942702,-301312169
-1490942702,-573443005
-1490942702,552934884
-1490942702,1134948973
-1490942702,-2106319828
-1490942702,616269636
-1490942702,1364785726
-1490942702,-571046711
-1490942702,1009536508
-1490942702,-1793111513
-1490942702,96485190
-1490942702,460467055
-1490942702,784256547
-1490942702,-1981689186
-1490942702,649729135
-1490942702,-1492280251
-1490942702,606860071
-1490942702,1923006600
-1490942702,524982034
-1490942702,1813304569
-1490942702,2004218395
-1490942702,155547872
-1490942702,-486634443
-1490942702,694825259
-1490942702,1810886343
-1490942702,-5507561
-1490942702,-1524801520
-1490942702,548816026
-1490942702,-861951284
-1490942702,1266496945
-1490942702,-1031417417
-1490942702,541935985
-1490942702,-1814704017
-1490942702,-176692979
-1490942702,-653921712
-1490942702,1884892028
-1490942702,-1118439065
-1490942702,-1911445086
-1490942702,1548055006
-1490942702,-236779806
-1490942702,1486699979
-1490942702,611022234
-1490942702,162097835
-1490942702,-1293726555
-1490942702,2039566030
-1490942702,137831802
-1490942702,1981911977
-1490942702,1479596008
-1490942702,2121705137
-1490942702,798564466
-1490942702,-125385551
-1490942702,229455863
-1490942702,1281693178
-1490942702,-2107627531
-1490942702,-1193155602
-1490942702,1642173780
-1490942702,502455631
-1490942702,632000134
-1490942702,320854394
-1490942702,-69159557
-1490942702,94952360
-1490942702,1052839692
-1490942702,91090776
-1490942702,-1964838649
-1490942702,-1930455029
-1490942702,2136321891
-1490942702,1045866840
-1490942702,-570061302
-1490942702,-275697191
-1490942702,349996454
-1490942702,-1408377341
-1490942702,-1060210333
-1490942702,-184146219
-1490942702,1724486510
-1490942702,-810213136
-1490942702,-1167364360
-1490942702,575955471
-1490942702,700014666
-1490942702,524210585
-1490942702,1663074523
-1490942702,781711732
-1490942702,-1529324508
-1490942702,606668149
-1490942702,121418445
-1490942702,-79951047
-1490942702,632415119
-1490942702,1396396897
-1490942702,392407390
-1490942702,-664128771
-1490942702,-590414111
-1490942702,-588729947
-1490942702,362377628
-1490942702,1477406349
-1490942702,913366777
-1490942702,-1313946788
-1490942702,-1576382272
-1490942702,-2019461098
-1490942702,-962431921
-1490942702,-1718861126
-1490942702,-951643534
-1490942702,-305430239
-1490942702,1397656258
-1490942702,-1739605356
-1490942702,320973806
-1490942702,-1867170684
-1490942702,-861591169
-1490942702,-1276330112
-1490942702,1844966739
-1490942702,1168495893
-1490942702,1604889024
-1490942702,-528572155
-1490942702,-17673696
-1490942702,-461965354
-1490942702,-2029264525
-1490942702,1718963273
-1490942702,203897800
-1490942702,599622037
-1490942702,-1693923469
-1490942702,162037323
-1490942702,-1112307547
-1490942702,1777563990
56730581,2051084305
56730581,1951706374
56730581,-511463601
56730581,1293669569
56730581,-774940126
56730581,-1320966977
56730581,1927744456
56730581,-79951047
56730581,632415119
56730581,121418445
56730581,504470255
56730581,209779131
56730581,-685834062
56730581,1813281021
56730581,1786104836
56730581,392407390
56730581,362377628
56730581,616269636
56730581,625518616
56730581,1857073857
56730581,-573370845
56730581,502455631
56730581,-191349505
56730581,1045866840
56730581,-2019461098
56730581,1653627591
56730581,1139772830
56730581,1583524791
56730581,1417805334
56730581,1124840049
56730581,361311799
56730581,254301009
56730581,-621371079
56730581,-971692005
56730581,-1740107027
56730581,14572924
56730581,373912664
56730581,604557985
56730581,665744732
56730581,1799804765
56730581,2144137810
56730581,-798025830
56730581,1982121200
56730581,698525043
56730581,818987785
56730581,380460747
56730581,99452152
56730581,-543324280
56730581,2104660694
56730581,1057090816
56730581,649729135
56730581,169627080
56730581,871570763
56730581,-55582274
56730581,-1144798588
56730581,-1246248338
56730581,456324492
56730581,1642173780
56730581,1052839692
56730581,-1973853644
56730581,-234607130
56730581,502003506
56730581,1811800956
56730581,-839609117
56730581,-338764160
56730581,-31976977
56730581,-1713206728
56730581,1726754403
56730581,1251110475
56730581,-1365005013
56730581,1791762315
56730581,-1841501371
56730581,495168456
56730581,-2041639466
56730581,1953985372
56730581,-2004302823
56730581,-1961473726
56730581,-1490310720
56730581,1040542658
56730581,988057525
56730581,937036681
56730581,38158594
56730581,-1558921947
56730581,2116269786
56730581,-1252456947
56730581,-290563092
56730581,1568138464
56730581,-340654481
56730581,1650564219
56730581,-1726915849
56730581,1204170050
56730581,-1639347137
56730581,-109264304
56730581,-922086143
56730581,-1440014969
56730581,-1072536340
56730581,-19410875
56730581,1393200662
56730581,-81576565
56730581,1327984647
56730581,605416448
56730581,-304333602
56730581,1916110718
56730581,1162232781
56730581,713107040
56730581,1034612527
56730581,-1043180688
56730581,-1861382380
56730581,2093623665
56730581,636491497
56730581,-993426097
56730581,1663074523
56730581,-238572646
56730581,-309535355
56730581,76859611
56730581,1975177896
56730581,-1884771800
56730581,954726123
56730581,-363289576
56730581,177002366
56730581,-1780982664
56730581,1544472629
56730581,-980978322
56730581,1260368119
56730581,-1278417702
56730581,-440982992
56730581,-1385156476
56730581,-321284821
56730581,-338531504
56730581,-1776119728
56730581,1936428643
56730581,-889002590
56730581,146900145
56730581,847056175
56730581,-22492265
56730581,-1066180147
56730581,-2066216269
56730581,638308374
56730581,498249591
56730581,929810990
56730581,1213085582
56730581,1223357751
56730581,1925207877
56730581,693600498
56730581,-1030964232
56730581,-877438330
56730581,517246006
56730581,1452360846
56730581,387766867
56730581,-1411301258
56730581,1223735599
56730581,-442494120
56730581,1833600302
56730581,852255966
56730581,1433665342
56730581,-1397173420
56730581,-1597017451
56730581,770885921
56730581,1825284820
56730581,-851194584
56730581,-966141637
56730581,-1120286105
56730581,-1451965501
56730581,-1666662668
56730581,1274835440
56730581,-1995166124
56730581,-215582145
56730581,1648168367
56730581,327383351
56730581,-735803804
56730581,-1671561418
56730581,117425018
56730581,1980558087
56730581,-442082025
56730581,-2112157647
56730581,163266593
56730581,-597622744
56730581,537044348
56730581,-431700593
56730581,-1050075949
56730581,-367992363
56730581,616382755
56730581,-337010428
56730581,1928301133
56730581,581625069
56730581,1152718062
56730581,-303704036
56730581,-361966997
56730581,1746524716
56730581,-1703765840
56730581,2095408486
56730581,-473162991
56730581,-1001768735
56730581,1883780305
56730581,-1080526303
56730581,1482378412
56730581,775163136
56730581,810102539
56730581,2080614942
56730581,-2130917637
56730581,174499166
56730581,1472989932
56730581,-854721351
56730581,-464466511
56730581,-1399916219
56730581,-326146828
56730581,-826373412
56730581,1496701311
56730581,-337801351
56730581,1061402978
56730581,-964674250
56730581,1479532190
56730581,123828566
56730581,949249676
56730581,-1319527923
56730581,-108708524
56730581,-1817508245
56730581,-1148015242
56730581,-1899813438
56730581,-793866945
56730581,-301143569
56730581,-1979816748
56730581,51179996
56730581,-630021412
56730581,846897746
56730581,-289932415
56730581,-10292364
56730581,-1859209459
56730581,1734391073
56730581,2103505525
56730581,-2104126041
56730581,146358867
56730581,-988648680
56730581,2058597954
56730581,-1070234035
56730581,-1859744343
56730581,-1248379501
56730581,-1071523147
56730581,-1021476443
56730581,-114734068
56730581,-1517983114
56730581,-2025323117
56730581,1408870111
56730581,371518278
56730581,1012438451
56730581,-969559999
56730581,-877048977
56730581,-102172630
56730581,-69159557
56730581,1118304944
56730581,1576354928
56730581,2060198555
56730581,-566382204
56730581,1984173186
56730581,706234566
56730581,431786805
56730581,10135382
56730581,-1851954105
56730581,-1151901100
56730581,-101575932
56730581,1292238095
56730581,-1055125809
56730581,-47107325
56730581,-1771359912
56730581,1381872927
56730581,1086009858
56730581,1850721616
56730581,633173701
56730581,-1431123670
56730581,476327279
56730581,-412338151
56730581,235546045
56730581,-381973786
56730581,-659638867
56730581,668964613
56730581,1564600203
56730581,256172597
56730581,-1170525333
56730581,-862500784
56730581,-1883497486
56730581,-834662460
56730581,-427392019
56730581,-147178742
56730581,-660953237
56730581,-2062129691
56730581,1397271122
56730581,-1377729018
56730581,-177436854
56730581,-364740368
56730581,-356169807
56730581,774615162
56730581,460778564
56730581,-823018448
56730581,-698353254
56730581,1622137626
56730581,1077190349
56730581,1950725371
56730581,-1670436042
56730581,391517136
56730581,2007247628
56730581,-46925220
56730581,-52066626
56730581,448762156
56730581,-679512911
56730581,-1505046939
56730581,1886279830
56730581,181775298
56730581,1624215739
56730581,-882109667
56730581,284556843
56730581,-464875515
56730581,-1671385
56730581,-1484249217
56730581,2046915944
56730581,1893361327
56730581,410930533
56730581,1498416488
56730581,1082564084
56730581,-1597565308
56730581,833793347
56730581,-2141569186
56730581,-1022421418
56730581,-71004672
56730581,196459352
56730581,-1828763577
56730581,-728940849
56730581,-301312169
56730581,-573443005
56730581,552934884
56730581,1134948973
56730581,-2106319828
56730581,1364785726
56730581,-571046711
56730581,1009536508
56730581,-1793111513
56730581,96485190
56730581,460467055
56730581,784256547
56730581,-1981689186
56730581,-1492280251
56730581,606860071
56730581,1923006600
56730581,524982034
56730581,1813304569
56730581,2004218395
56730581,155547872
56730581,-486634443
56730581,694825259
56730581,1810886343
56730581,-5507561
56730581,-1524801520
56730581,548816026
56730581,-861951284
56730581,134405178
56730581,1266496945
56730581,-1031417417
56730581,541935985
56730581,-1814704017
56730581,-176692979
56730581,-653921712
56730581,1884892028
56730581,-1118439065
56730581,-1911445086
56730581,1548055006
56730581,-236779806
56730581,1486699979
56730581,611022234
56730581,162097835
56730581,-1293726555
56730581,2039566030
56730581,137831802
56730581,1981911977
56730581,1479596008
56730581,2121705137
56730581,798564466
56730581,-125385551
56730581,229455863
56730581,1281693178
56730581,-2107627531
56730581,-1193155602
56730581,632000134
56730581,320854394
56730581,94952360
56730581,91090776
56730581,-1964838649
56730581,-1930455029
56730581,2136321891
56730581,-570061302
56730581,-275697191
56730581,349996454
56730581,-1408377341
56730581,-1060210333
56730581,-184146219
56730581,1724486510
56730581,-810213136
56730581,-1167364360
56730581,575955471
56730581,700014666
56730581,524210585
56730581,1828554794
56730581,2011079255
56730581,781711732
56730581,-1529324508
56730581,606668149
56730581,1396396897
56730581,-664128771
56730581,-590414111
56730581,-588729947
56730581,1477406349
56730581,913366777
56730581,-1313946788
56730581,-1576382272
56730581,-962431921
56730581,-1718861126
56730581,-951643534
56730581,-305430239
56730581,1397656258
56730581,-1739605356
56730581,320973806
56730581,-1867170684
56730581,-861591169
56730581,-1276330112
56730581,1844966739
56730581,1168495893
56730581,1604889024
56730581,-528572155
56730581,-17673696
56730581,-461965354
56730581,-2029264525
56730581,1718963273
56730581,203897800
56730581,599622037
56730581,-1693923469
56730581,162037323
56730581,-1112307547
56730581,1777563990
56730581,175073919
56730581,-162800308
56730581,1093754767
56730581,-825799637
56730581,37418707
56730581,-1800983468
56730581,290136697
56730581,809825316
56730581,-882110618
56730581,-771886583
56730581,1349000321
56730581,1067158180
56730581,406610527
56730581,1812782222
56730581,-1858122464
56730581,1586311107
56730581,1032821160
56730581,181988349
56730581,786806100
56730581,1546150810
56730581,23972449
56730581,-1100050307
56730581,-2017994163
56730581,-1835226578
56730581,-38511974
56730581,1280072900
56730581,-996863301
56730581,-786011078
56730581,-826180161
56730581,-1383524307
56730581,-647846901
1985036123,207820472
1985036123,1515129970
1985036123,-957347030
1985036123,1293669569
1985036123,-1234587532
1985036123,1739325709
1985036123,-1989331098
1985036123,2016799563
1985036123,346006044
1985036123,1397217677
1985036123,349672028
1985036123,1799804765
1985036123,-883997820
1985036123,1861215599
1985036123,-561115363
1985036123,-728940849
1985036123,-1069372743
1985036123,905790536
1985036123,1809436849
1985036123,-358597030
1985036123,-1869077685
1985036123,775720157
1985036123,1497498775
1985036123,1077782812
1985036123,-573443005
1985036123,1034579516
1985036123,-693951769
1985036123,549608268
1985036123,-1911445086
1985036123,893221082
1985036123,-646025392
1985036123,1846652660
1985036123,-1648471260
1985036123,833249244
1985036123,-74726894
1985036123,-2006309932
1985036123,-2113702064
1985036123,1604766177
1985036123,-1274551414
1985036123,226097372
1985036123,1192127445
1985036123,-1001009688
1985036123,-871950984
1985036123,578239659
1985036123,1226761340
1985036123,1178088262
1985036123,922781825
1985036123,204289047
1985036123,2020576608
1985036123,1189888707
1985036123,991426343
1985036123,-326828343
1985036123,-1671385
1985036123,384935296
1985036123,1907004611
1985036123,1961786145
1985036123,-1776127533
1985036123,-1815954337
1985036123,-1527352558
1985036123,-1524201209
1985036123,627412863
1985036123,1564138364
1985036123,1738840088
1985036123,-595622496
1985036123,554219750
1985036123,510853032
1985036123,-798178514
1985036123,-1580687936
1985036123,186454435
1985036123,1110198944
1985036123,-392943637
1985036123,-1658853953
1985036123,1787988136
1985036123,-1835146294
1985036123,-574560666
1985036123,-112183460
1985036123,685595672
1985036123,-1737477681
1985036123,179268558
1985036123,-1393767168
1985036123,1345952610
1985036123,-1353074184
1985036123,1292108728
1985036123,-1050096151
1985036123,-1920197878
1985036123,-776085193
1985036123,538286453
1985036123,318764130
1985036123,1725439928
1985036123,1317702712
1985036123,1830370220
1985036123,-1797163944
1985036123,-1166885846
1985036123,-1204348895
1985036123,-1918528499
1985036123,-1320697281
1985036123,1966553825
1985036123,-1207093459
1985036123,-1475902177
1985036123,-869364648
1985036123,-1502279854
1985036123,-687150175
1985036123,-340654481
1985036123,-2104723841
1985036123,-808745010
1985036123,-1068704978
1985036123,-422121509
1985036123,1631314607
1985036123,-1145901968
1985036123,-288417082
1985036123,-354647738
1985036123,497598122
1985036123,20967249
1985036123,338516418
1985036123,1729601099
1985036123,1354244456
1985036123,1325256419
1985036123,678408592
1985036123,546065904
1985036123,-402439088
1985036123,394677042
1985036123,1478991053
1985036123,-1379025507
1985036123,-2147395273
1985036123,-1754299515
1985036123,-1310337765
1985036123,1380471665
1985036123,-1201225327
1985036123,1189365608
1985036123,-1429245741
1985036123,-2104696227
1985036123,-1379881001
1985036123,1793216574
1985036123,87842344
1985036123,-1024278609
1985036123,280217689
1985036123,-1167364360
1985036123,-660136005
1985036123,1724870410
1985036123,1762392757
1985036123,-1477382641
1985036123,1790338040
1985036123,1464885105
1985036123,334024184
1985036123,-455129260
1985036123,1892468981
1985036123,813850666
1985036123,-1134067551
1985036123,1211839530
1985036123,1944418660
1985036123,-524774246
1985036123,1177936657
1985036123,-692537043
1985036123,738544628
1985036123,-683056274
1985036123,-979393157
1985036123,-1241069411
1985036123,-1138206932
1985036123,-452758772
1985036123,153173845
1985036123,-1139683374
1985036123,1880697284
1985036123,1383883541
1985036123,1952118355
1985036123,1518060685
1985036123,1816581515
1985036123,-661469732
1985036123,-1643195060
1985036123,-904054455
1985036123,275140986
1985036123,1221182568
1985036123,349996454
1985036123,-1272604193
1985036123,-201170526
1985036123,-1331940432
1985036123,-481563492
1985036123,-1673641065
1985036123,-574763039
1985036123,-836358824
1985036123,-478745475
1985036123,1454924941
1985036123,2121705137
1985036123,1597309355
1985036123,-1860934887
1985036123,-1604449947
1985036123,-1837841434
1985036123,-1097608737
1985036123,-1939811608
1985036123,1183871418
1985036123,-1390231868
1985036123,-146213274
1985036123,1517816429
1985036123,95383531
1985036123,-1070580221
1985036123,320587244
1985036123,1891177053
1985036123,895579502
1985036123,-992733371
1985036123,144517714
1985036123,1945136672
1985036123,1338728990
1985036123,-314633945
1985036123,2051322146
1985036123,-582710927
1985036123,659531302
1985036123,-220081847
1985036123,1791762315
1985036123,681423008
1985036123,-1845120894
1985036123,150913098
1985036123,-1050075949
1985036123,-1579996598
1985036123,698525043
1985036123,-1675133980
1985036123,1467711017
1985036123,541935985
1985036123,-43821480
1985036123,-1359408936
1985036123,173861204
1985036123,-2111820477
1985036123,-1091719277
1985036123,43589024
1985036123,-1091562310
1985036123,-1193155602
1985036123,1347043274
1985036123,-1770438996
1985036123,-1364560207
1985036123,944141668
1985036123,-1031417417
1985036123,-1289255086
1985036123,604557985
1985036123,-755357618
1985036123,1026507764
1985036123,20245873
1985036123,1141942623
1985036123,-114054160
1985036123,-1466121718
1985036123,306742262
1985036123,1251581125
1985036123,-198073930
1985036123,-855414955
1985036123,1353377004
1985036123,1146189231
1985036123,-702646742
1985036123,-569591267
1985036123,-1001662139
1985036123,550608234
1985036123,-1263140794
1985036123,-1499448113
1985036123,-994385232
1985036123,-1740815330
1985036123,254296158
1985036123,-1154833278
1985036123,-2145607984
1985036123,502455631
1985036123,-200351531
1985036123,1469422626
1985036123,1492468009
1985036123,-300151753
1985036123,-2028473467
1985036123,-1057846193
1985036123,522647070
1985036123,1282964244
1985036123,1575739272
1985036123,-1809938491
1985036123,-1239874438
1985036123,854467067
1985036123,1828554794
1985036123,915134154
1985036123,-1793111513
1985036123,-774940126
1985036123,-111622841
1985036123,515191079
1985036123,-1813852609
1985036123,362377628
1985036123,-806889735
1985036123,1325751442
1985036123,1862080425
1985036123,-488725562
1985036123,-627677113
1985036123,-1640087149
1985036123,-1565992071
1985036123,-2123826350
1985036123,929710716
1985036123,990464386
1985036123,403554099
1985036123,-1851002515
1985036123,-729315460
1985036123,-442082025
1985036123,-1096216491
1985036123,-1639792564
1985036123,-946165916
1985036123,-1058258192
1985036123,133004909
1985036123,270387212
1985036123,-1974627082
1985036123,-1936811673
1985036123,-449316251
1985036123,1321165507
1985036123,-882110618
1985036123,-918869645
1985036123,-1824648757
1985036123,-307835960
1985036123,-437984205
1985036123,-872421004
1985036123,-528762586
1985036123,2028074335
1985036123,-727989925
1985036123,2083669343
1985036123,-1798363707
1985036123,-1133874201
1985036123,1559526697
1985036123,-215242984
1985036123,352266157
1985036123,696772851
1985036123,1515318346
1985036123,-595638132
1985036123,1162232781
1985036123,-1320097843
1985036123,835368429
1985036123,-599452490
1985036123,-1120315955
1985036123,1047094616
1985036123,57129806
1985036123,1311262217
1985036123,-836464982
1985036123,903395403
1985036123,-988827999
1985036123,-878554760
1985036123,-1712821283
1985036123,-839450761
1985036123,-38504590
1985036123,-1596744367
1985036123,-309535355
1985036123,1476099888
1985036123,-1754087301
1985036123,101497391
1985036123,1855051899
1985036123,159233599
1985036123,1980558087
1985036123,-1789398576
1985036123,1928301133
1985036123,-86478760
1985036123,-222855061
1985036123,1793007882
1985036123,-2035339527
1985036123,455942348
1985036123,-1792824020
1985036123,-666617349
1985036123,-2063297847
1985036123,-304144595
1985036123,-1835361711
1985036123,-737547884
1985036123,-1097318940
1985036123,1302918729
1985036123,-374854503
1985036123,-545465212
1985036123,1968434019
1985036123,1643958750
1985036123,1697623874
1985036123,-263995610
1985036123,1661218225
1985036123,1627221094
1985036123,375084654
1985036123,-1604780136
1985036123,-1151950589
1985036123,1513161018
1985036123,-676322359
1985036123,-1453722683
1985036123,-1289417282
1985036123,-1520165214
1985036123,-32925914
1985036123,-1627985709
1985036123,846897746
1985036123,-1353248255
1985036123,-1485547874
1985036123,1500365405
1985036123,-1985462329
1985036123,-1312144626
1985036123,-870603909
1985036123,-1763709368
1985036123,1349937096
1985036123,-1483744569
1985036123,1077190349
1985036123,721731895
1985036123,-864829779
1985036123,400062010
1985036123,-58300703
1985036123,450030774
1985036123,-684682865
1985036123,-2060996855
1985036123,-1168433780
1985036123,257492664
1985036123,1293359916
1985036123,406758639
1985036123,801776531
1985036123,1902795393
1985036123,-1325480091
1985036123,2137141112
1985036123,-199340464
1985036123,1658082128
1985036123,726985432
1985036123,1593786027
1985036123,742297058
1985036123,-1860230470
1985036123,-978696406
1985036123,-358732216
1985036123,1688184356
1985036123,-1700669405
1985036123,-1526383450
1985036123,-690960774
1985036123,593961985
1985036123,768163127
1985036123,-476806663
1985036123,-1184328037
1985036123,2142490176
1985036123,1825284820
1985036123,-1817628824
1985036123,-4887139
1985036123,-221124457
1985036123,899910536
1985036123,-1811971988
1985036123,346245184
1985036123,-1532797993
1985036123,522404138
1985036123,-475500621
1985036123,-2116684082
1985036123,-1271929581
1985036123,-1140783339
1985036123,-2110377778
1985036123,1893361327
1985036123,17529437
1985036123,-912683804
1985036123,356224649
1985036123,-275697191
1985036123,-570061302
1985036123,-1685110838
1985036123,-1508812397
1985036123,1310435946
1985036123,75234003
1985036123,2031871279
1985036123,758327879
1985036123,-719069649
1985036123,-1771257295
1985036123,-1829866091
1985036123,1476038923
1985036123,-2011442828
1985036123,-159907559
1985036123,-1046424236
1985036123,533011737
1985036123,616269636
1985036123,1815022843
1985036123,-571046711
1985036123,-184146219
1985036123,-1338797500
1985036123,-810213136
1985036123,1160607767
1985036123,-219481278
1985036123,1786104836
1985036123,1213085582
1985036123,2104660694
1985036123,1806365131
1985036123,738505439
1985036123,1738292398
1985036123,-2084335236
1985036123,1892576544
1985036123,-1205113187
1985036123,1567121974
1985036123,-1848335148
1985036123,534534066
1985036123,1325080215
1985036123,1103220277
1985036123,476089722
1985036123,-27181435
1985036123,-813999302
1985036123,-1233064303
1985036123,-535479962
1985036123,-1924631396
1985036123,1624237764
1985036123,1895854287
1985036123,-1155399471
1985036123,-2141143253
1985036123,2047583283
1985036123,1861267883
1985036123,2069012306
1985036123,135905249
1985036123,1268922083
1985036123,-1539195727
1985036123,618894149
1985036123,-994730258
1985036123,-2030218698
1985036123,-2022928248
1985036123,1300174495
1985036123,320854394
1985036123,-1283110870
1985036123,-1759537931
1985036123,1745597943
1985036123,78966957
1985036123,-1456461260
1985036123,-607714432
1985036123,-1734831928
1985036123,2053594984
1985036123,1944167182
1985036123,-1895428176
1985036123,-1481620379
1985036123,784870086
1985036123,-1224267391
1985036123,-1080230091
1985036123,-1120286105
1985036123,-1353052926
1985036123,742440079
1985036123,-2128518682
1985036123,776120093
1985036123,144393825
1985036123,1948670413
1985036123,-2053310659
1985036123,1700340954
1985036123,1292513734
1985036123,544450123
1985036123,390074273
1985036123,1810433503
1985036123,1615550645
1985036123,-953892982
1985036123,1833600302
1985036123,1583524791
1985036123,1544472629
1985036123,-367675613
1985036123,1338343820
1985036123,-962633639
1985036123,1274835440
1985036123,-1179889123
1985036123,1201736276
1985036123,-1001768735
